RESULTADOS KNN IMPLEMENTACION SIN ESCALAR: 

PYTHONLIB: [0.7764505119453925, 0.8361774744027304, 0.8225255972696246, 0.8344709897610921, 0.8225255972696246, 0.8344709897610921, 0.8310580204778157, 0.8430034129692833, 0.841296928327645, 0.8464163822525598]
NORMAL: [0.7764505119453925, 0.8361774744027304, 0.8225255972696246, 0.8344709897610921, 0.8225255972696246, 0.8344709897610921, 0.8310580204778157, 0.8430034129692833, 0.841296928327645, 0.8464163822525598]
PONDERADO: [0.7764505119453925, 0.7764505119453925, 0.8156996587030717, 0.8174061433447098, 0.8225255972696246, 0.8276450511945392, 0.825938566552901, 0.8310580204778157, 0.8344709897610921, 0.8378839590443686]


RESULTADOS KNN ESCALANDO. 
PYTHONLIB: [0.7286689419795221, 0.8071672354948806, 0.7832764505119454, 0.8174061433447098, 0.7918088737201365, 0.8310580204778157, 0.8191126279863481, 0.8310580204778157, 0.8242320819112628, 0.8430034129692833]
NORMAL: [0.7286689419795221, 0.8071672354948806, 0.7832764505119454, 0.8174061433447098, 0.7918088737201365, 0.8310580204778157, 0.8191126279863481, 0.8310580204778157, 0.8242320819112628, 0.8430034129692833]
PONDERADO: [0.7286689419795221, 0.7286689419795221, 0.7781569965870307, 0.7798634812286689, 0.78839590443686, 0.7969283276450512, 0.8071672354948806, 0.8191126279863481, 0.8174061433447098, 0.8208191126279863]
